pop	X	Y	tempPC1	tempPC2	precipPC1	precipPC2	flowPC1	flowPC2
MBR	-1390.9796	-104.79462	-3.302167605	0.314473026	-2.694472089	0.85548221	-2.590172654	0.161436733
MBR	-1390.9796	-104.79462	-3.302167605	0.314473026	-2.694472089	0.85548221	-2.590172654	0.161436733
MBR	-1390.9796	-104.79462	-3.302167605	0.314473026	-2.694472089	0.85548221	-2.590172654	0.161436733
MBR	-1390.9796	-104.79462	-3.302167605	0.314473026	-2.694472089	0.85548221	-2.590172654	0.161436733
MBR	-1390.9796	-104.79462	-3.302167605	0.314473026	-2.694472089	0.85548221	-2.590172654	0.161436733
MBR	-1390.9796	-104.79462	-3.302167605	0.314473026	-2.694472089	0.85548221	-2.590172654	0.161436733
MBR	-1390.9796	-104.79462	-3.302167605	0.314473026	-2.694472089	0.85548221	-2.590172654	0.161436733
MBR	-1390.9796	-104.79462	-3.302167605	0.314473026	-2.694472089	0.85548221	-2.590172654	0.161436733
MBR	-1390.9796	-104.79462	-3.302167605	0.314473026	-2.694472089	0.85548221	-2.590172654	0.161436733
MBR	-1390.9796	-104.79462	-3.302167605	0.314473026	-2.694472089	0.85548221	-2.590172654	0.161436733
MBR	-1390.9796	-104.79462	-3.302167605	0.314473026	-2.694472089	0.85548221	-2.590172654	0.161436733
MBR	-1390.9796	-104.79462	-3.302167605	0.314473026	-2.694472089	0.85548221	-2.590172654	0.161436733
MBR	-1390.9796	-104.79462	-3.302167605	0.314473026	-2.694472089	0.85548221	-2.590172654	0.161436733
MBR	-1390.9796	-104.79462	-3.302167605	0.314473026	-2.694472089	0.85548221	-2.590172654	0.161436733
MBR	-1390.9796	-104.79462	-3.302167605	0.314473026	-2.694472089	0.85548221	-2.590172654	0.161436733
MBR	-1390.9796	-104.79462	-3.302167605	0.314473026	-2.694472089	0.85548221	-2.590172654	0.161436733
MBR	-1390.9796	-104.79462	-3.302167605	0.314473026	-2.694472089	0.85548221	-2.590172654	0.161436733
MBR	-1390.9796	-104.79462	-3.302167605	0.314473026	-2.694472089	0.85548221	-2.590172654	0.161436733
MBR	-1390.9796	-104.79462	-3.302167605	0.314473026	-2.694472089	0.85548221	-2.590172654	0.161436733
MBR	-1390.9796	-104.79462	-3.302167605	0.314473026	-2.694472089	0.85548221	-2.590172654	0.161436733
MDC	-955.15949	-122.30996	-1.542390011	1.320871018	-3.582853653	-0.511662167	-2.519656981	-0.263988717
MDC	-955.15949	-122.30996	-1.542390011	1.320871018	-3.582853653	-0.511662167	-2.519656981	-0.263988717
MDC	-955.15949	-122.30996	-1.542390011	1.320871018	-3.582853653	-0.511662167	-2.519656981	-0.263988717
MDC	-955.15949	-122.30996	-1.542390011	1.320871018	-3.582853653	-0.511662167	-2.519656981	-0.263988717
MDC	-955.15949	-122.30996	-1.542390011	1.320871018	-3.582853653	-0.511662167	-2.519656981	-0.263988717
MDC	-955.15949	-122.30996	-1.542390011	1.320871018	-3.582853653	-0.511662167	-2.519656981	-0.263988717
MDC	-955.15949	-122.30996	-1.542390011	1.320871018	-3.582853653	-0.511662167	-2.519656981	-0.263988717
MDC	-955.15949	-122.30996	-1.542390011	1.320871018	-3.582853653	-0.511662167	-2.519656981	-0.263988717
MDC	-955.15949	-122.30996	-1.542390011	1.320871018	-3.582853653	-0.511662167	-2.519656981	-0.263988717
MDC	-955.15949	-122.30996	-1.542390011	1.320871018	-3.582853653	-0.511662167	-2.519656981	-0.263988717
MDC	-955.15949	-122.30996	-1.542390011	1.320871018	-3.582853653	-0.511662167	-2.519656981	-0.263988717
MDC	-955.15949	-122.30996	-1.542390011	1.320871018	-3.582853653	-0.511662167	-2.519656981	-0.263988717
MDC	-955.15949	-122.30996	-1.542390011	1.320871018	-3.582853653	-0.511662167	-2.519656981	-0.263988717
MDC	-955.15949	-122.30996	-1.542390011	1.320871018	-3.582853653	-0.511662167	-2.519656981	-0.263988717
MDC	-955.15949	-122.30996	-1.542390011	1.320871018	-3.582853653	-0.511662167	-2.519656981	-0.263988717
MDC	-955.15949	-122.30996	-1.542390011	1.320871018	-3.582853653	-0.511662167	-2.519656981	-0.263988717
MDC	-955.15949	-122.30996	-1.542390011	1.320871018	-3.582853653	-0.511662167	-2.519656981	-0.263988717
MDC	-955.15949	-122.30996	-1.542390011	1.320871018	-3.582853653	-0.511662167	-2.519656981	-0.263988717
MDC	-955.15949	-122.30996	-1.542390011	1.320871018	-3.582853653	-0.511662167	-2.519656981	-0.263988717
MDC	-955.15949	-122.30996	-1.542390011	1.320871018	-3.582853653	-0.511662167	-2.519656981	-0.263988717
MDC	-955.15949	-122.30996	-1.542390011	1.320871018	-3.582853653	-0.511662167	-2.519656981	-0.263988717
MDC	-955.15949	-122.30996	-1.542390011	1.320871018	-3.582853653	-0.511662167	-2.519656981	-0.263988717
GGL	-1011.1483	-125.75462	-1.268392913	1.230043661	-3.41157417	-0.427767879	-2.510305813	-0.722003744
GGL	-1011.1483	-125.75462	-1.268392913	1.230043661	-3.41157417	-0.427767879	-2.510305813	-0.722003744
GGL	-1011.1483	-125.75462	-1.268392913	1.230043661	-3.41157417	-0.427767879	-2.510305813	-0.722003744
GGL	-1011.1483	-125.75462	-1.268392913	1.230043661	-3.41157417	-0.427767879	-2.510305813	-0.722003744
GGL	-1011.1483	-125.75462	-1.268392913	1.230043661	-3.41157417	-0.427767879	-2.510305813	-0.722003744
GGL	-1011.1483	-125.75462	-1.268392913	1.230043661	-3.41157417	-0.427767879	-2.510305813	-0.722003744
GGL	-1011.1483	-125.75462	-1.268392913	1.230043661	-3.41157417	-0.427767879	-2.510305813	-0.722003744
GGL	-1011.1483	-125.75462	-1.268392913	1.230043661	-3.41157417	-0.427767879	-2.510305813	-0.722003744
GGL	-1011.1483	-125.75462	-1.268392913	1.230043661	-3.41157417	-0.427767879	-2.510305813	-0.722003744
GGL	-1011.1483	-125.75462	-1.268392913	1.230043661	-3.41157417	-0.427767879	-2.510305813	-0.722003744
GGL	-1011.1483	-125.75462	-1.268392913	1.230043661	-3.41157417	-0.427767879	-2.510305813	-0.722003744
GGL	-1011.1483	-125.75462	-1.268392913	1.230043661	-3.41157417	-0.427767879	-2.510305813	-0.722003744
GGL	-1011.1483	-125.75462	-1.268392913	1.230043661	-3.41157417	-0.427767879	-2.510305813	-0.722003744
GGL	-1011.1483	-125.75462	-1.268392913	1.230043661	-3.41157417	-0.427767879	-2.510305813	-0.722003744
GGL	-1011.1483	-125.75462	-1.268392913	1.230043661	-3.41157417	-0.427767879	-2.510305813	-0.722003744
GGL	-1011.1483	-125.75462	-1.268392913	1.230043661	-3.41157417	-0.427767879	-2.510305813	-0.722003744
GGL	-1011.1483	-125.75462	-1.268392913	1.230043661	-3.41157417	-0.427767879	-2.510305813	-0.722003744
GGL	-1011.1483	-125.75462	-1.268392913	1.230043661	-3.41157417	-0.427767879	-2.510305813	-0.722003744
GGL	-1011.1483	-125.75462	-1.268392913	1.230043661	-3.41157417	-0.427767879	-2.510305813	-0.722003744
GGL	-1011.1483	-125.75462	-1.268392913	1.230043661	-3.41157417	-0.427767879	-2.510305813	-0.722003744
GGL	-1011.1483	-125.75462	-1.268392913	1.230043661	-3.41157417	-0.427767879	-2.510305813	-0.722003744
GGL	-1011.1483	-125.75462	-1.268392913	1.230043661	-3.41157417	-0.427767879	-2.510305813	-0.722003744
GGL	-1011.1483	-125.75462	-1.268392913	1.230043661	-3.41157417	-0.427767879	-2.510305813	-0.722003744
GGL	-1011.1483	-125.75462	-1.268392913	1.230043661	-3.41157417	-0.427767879	-2.510305813	-0.722003744
GGL	-1011.1483	-125.75462	-1.268392913	1.230043661	-3.41157417	-0.427767879	-2.510305813	-0.722003744
GGL	-1011.1483	-125.75462	-1.268392913	1.230043661	-3.41157417	-0.427767879	-2.510305813	-0.722003744
GGL	-1011.1483	-125.75462	-1.268392913	1.230043661	-3.41157417	-0.427767879	-2.510305813	-0.722003744
GGL	-1011.1483	-125.75462	-1.268392913	1.230043661	-3.41157417	-0.427767879	-2.510305813	-0.722003744
GGL	-1011.1483	-125.75462	-1.268392913	1.230043661	-3.41157417	-0.427767879	-2.510305813	-0.722003744
GGL	-1011.1483	-125.75462	-1.268392913	1.230043661	-3.41157417	-0.427767879	-2.510305813	-0.722003744
WAK	-1760.6801	-170.98937	-2.361316718	-0.412672756	-1.756543445	1.097859206	-1.894239256	-0.699971653
WAK	-1760.6801	-170.98937	-2.361316718	-0.412672756	-1.756543445	1.097859206	-1.894239256	-0.699971653
WAK	-1760.6801	-170.98937	-2.361316718	-0.412672756	-1.756543445	1.097859206	-1.894239256	-0.699971653
WAK	-1760.6801	-170.98937	-2.361316718	-0.412672756	-1.756543445	1.097859206	-1.894239256	-0.699971653
WAK	-1760.6801	-170.98937	-2.361316718	-0.412672756	-1.756543445	1.097859206	-1.894239256	-0.699971653
WAK	-1760.6801	-170.98937	-2.361316718	-0.412672756	-1.756543445	1.097859206	-1.894239256	-0.699971653
WAK	-1760.6801	-170.98937	-2.361316718	-0.412672756	-1.756543445	1.097859206	-1.894239256	-0.699971653
WAK	-1760.6801	-170.98937	-2.361316718	-0.412672756	-1.756543445	1.097859206	-1.894239256	-0.699971653
WAK	-1760.6801	-170.98937	-2.361316718	-0.412672756	-1.756543445	1.097859206	-1.894239256	-0.699971653
WAK	-1760.6801	-170.98937	-2.361316718	-0.412672756	-1.756543445	1.097859206	-1.894239256	-0.699971653
WAK	-1760.6801	-170.98937	-2.361316718	-0.412672756	-1.756543445	1.097859206	-1.894239256	-0.699971653
WAK	-1760.6801	-170.98937	-2.361316718	-0.412672756	-1.756543445	1.097859206	-1.894239256	-0.699971653
WAK	-1760.6801	-170.98937	-2.361316718	-0.412672756	-1.756543445	1.097859206	-1.894239256	-0.699971653
WAK	-1760.6801	-170.98937	-2.361316718	-0.412672756	-1.756543445	1.097859206	-1.894239256	-0.699971653
WAK	-1760.6801	-170.98937	-2.361316718	-0.412672756	-1.756543445	1.097859206	-1.894239256	-0.699971653
WAK	-1760.6801	-170.98937	-2.361316718	-0.412672756	-1.756543445	1.097859206	-1.894239256	-0.699971653
BEN	-1819.7576	-174.58884	-2.602899799	-0.35788343	0.410082817	2.935854936	-1.623209543	-0.918351625
BEN	-1819.7576	-174.58884	-2.602899799	-0.35788343	0.410082817	2.935854936	-1.623209543	-0.918351625
BEN	-1819.7576	-174.58884	-2.602899799	-0.35788343	0.410082817	2.935854936	-1.623209543	-0.918351625
BEN	-1819.7576	-174.58884	-2.602899799	-0.35788343	0.410082817	2.935854936	-1.623209543	-0.918351625
BEN	-1819.7576	-174.58884	-2.602899799	-0.35788343	0.410082817	2.935854936	-1.623209543	-0.918351625
BEN	-1819.7576	-174.58884	-2.602899799	-0.35788343	0.410082817	2.935854936	-1.623209543	-0.918351625
BEN	-1819.7576	-174.58884	-2.602899799	-0.35788343	0.410082817	2.935854936	-1.623209543	-0.918351625
BEN	-1819.7576	-174.58884	-2.602899799	-0.35788343	0.410082817	2.935854936	-1.623209543	-0.918351625
BEN	-1819.7576	-174.58884	-2.602899799	-0.35788343	0.410082817	2.935854936	-1.623209543	-0.918351625
BEN	-1819.7576	-174.58884	-2.602899799	-0.35788343	0.410082817	2.935854936	-1.623209543	-0.918351625
BEN	-1819.7576	-174.58884	-2.602899799	-0.35788343	0.410082817	2.935854936	-1.623209543	-0.918351625
BEN	-1819.7576	-174.58884	-2.602899799	-0.35788343	0.410082817	2.935854936	-1.623209543	-0.918351625
BEN	-1819.7576	-174.58884	-2.602899799	-0.35788343	0.410082817	2.935854936	-1.623209543	-0.918351625
BEN	-1819.7576	-174.58884	-2.602899799	-0.35788343	0.410082817	2.935854936	-1.623209543	-0.918351625
BOG	216.679747	-32.446805	2.146852284	2.487959083	-2.508785184	-1.31459432	0.183043564	1.037599729
BOG	216.679747	-32.446805	2.146852284	2.487959083	-2.508785184	-1.31459432	0.183043564	1.037599729
BOG	216.679747	-32.446805	2.146852284	2.487959083	-2.508785184	-1.31459432	0.183043564	1.037599729
BOG	216.679747	-32.446805	2.146852284	2.487959083	-2.508785184	-1.31459432	0.183043564	1.037599729
BOG	216.679747	-32.446805	2.146852284	2.487959083	-2.508785184	-1.31459432	0.183043564	1.037599729
BOG	216.679747	-32.446805	2.146852284	2.487959083	-2.508785184	-1.31459432	0.183043564	1.037599729
BOG	216.679747	-32.446805	2.146852284	2.487959083	-2.508785184	-1.31459432	0.183043564	1.037599729
BOG	216.679747	-32.446805	2.146852284	2.487959083	-2.508785184	-1.31459432	0.183043564	1.037599729
BOG	216.679747	-32.446805	2.146852284	2.487959083	-2.508785184	-1.31459432	0.183043564	1.037599729
BOG	216.679747	-32.446805	2.146852284	2.487959083	-2.508785184	-1.31459432	0.183043564	1.037599729
BOG	216.679747	-32.446805	2.146852284	2.487959083	-2.508785184	-1.31459432	0.183043564	1.037599729
BOG	216.679747	-32.446805	2.146852284	2.487959083	-2.508785184	-1.31459432	0.183043564	1.037599729
BOG	216.679747	-32.446805	2.146852284	2.487959083	-2.508785184	-1.31459432	0.183043564	1.037599729
BOG	216.679747	-32.446805	2.146852284	2.487959083	-2.508785184	-1.31459432	0.183043564	1.037599729
BOG	216.679747	-32.446805	2.146852284	2.487959083	-2.508785184	-1.31459432	0.183043564	1.037599729
BOG	216.679747	-32.446805	2.146852284	2.487959083	-2.508785184	-1.31459432	0.183043564	1.037599729
PEL	572.507772	502.077025	1.352738163	-0.205936609	0.908755779	0.283831726	1.506607371	-0.657074512
PEL	572.507772	502.077025	1.352738163	-0.205936609	0.908755779	0.283831726	1.506607371	-0.657074512
PEL	572.507772	502.077025	1.352738163	-0.205936609	0.908755779	0.283831726	1.506607371	-0.657074512
PEL	572.507772	502.077025	1.352738163	-0.205936609	0.908755779	0.283831726	1.506607371	-0.657074512
PEL	572.507772	502.077025	1.352738163	-0.205936609	0.908755779	0.283831726	1.506607371	-0.657074512
PEL	572.507772	502.077025	1.352738163	-0.205936609	0.908755779	0.283831726	1.506607371	-0.657074512
PEL	572.507772	502.077025	1.352738163	-0.205936609	0.908755779	0.283831726	1.506607371	-0.657074512
PEL	572.507772	502.077025	1.352738163	-0.205936609	0.908755779	0.283831726	1.506607371	-0.657074512
PEL	572.507772	502.077025	1.352738163	-0.205936609	0.908755779	0.283831726	1.506607371	-0.657074512
GWY	607.400432	631.231558	1.654451199	0.148258572	2.589221966	0.376887757	0.687361839	1.241257235
GWY	607.400432	631.231558	1.654451199	0.148258572	2.589221966	0.376887757	0.687361839	1.241257235
GWY	607.400432	631.231558	1.654451199	0.148258572	2.589221966	0.376887757	0.687361839	1.241257235
GWY	607.400432	631.231558	1.654451199	0.148258572	2.589221966	0.376887757	0.687361839	1.241257235
GWY	607.400432	631.231558	1.654451199	0.148258572	2.589221966	0.376887757	0.687361839	1.241257235
GWY	607.400432	631.231558	1.654451199	0.148258572	2.589221966	0.376887757	0.687361839	1.241257235
GWY	607.400432	631.231558	1.654451199	0.148258572	2.589221966	0.376887757	0.687361839	1.241257235
GWY	607.400432	631.231558	1.654451199	0.148258572	2.589221966	0.376887757	0.687361839	1.241257235
GWY	607.400432	631.231558	1.654451199	0.148258572	2.589221966	0.376887757	0.687361839	1.241257235
GWY	607.400432	631.231558	1.654451199	0.148258572	2.589221966	0.376887757	0.687361839	1.241257235
GWY	607.400432	631.231558	1.654451199	0.148258572	2.589221966	0.376887757	0.687361839	1.241257235
GWY	607.400432	631.231558	1.654451199	0.148258572	2.589221966	0.376887757	0.687361839	1.241257235
DUM	668.192537	785.454061	1.710942054	-0.572556969	1.72237778	-0.403985499	0.953593526	1.150259267
DUM	668.192537	785.454061	1.710942054	-0.572556969	1.72237778	-0.403985499	0.953593526	1.150259267
DUM	668.192537	785.454061	1.710942054	-0.572556969	1.72237778	-0.403985499	0.953593526	1.150259267
DUM	668.192537	785.454061	1.710942054	-0.572556969	1.72237778	-0.403985499	0.953593526	1.150259267
DUM	668.192537	785.454061	1.710942054	-0.572556969	1.72237778	-0.403985499	0.953593526	1.150259267
DUM	668.192537	785.454061	1.710942054	-0.572556969	1.72237778	-0.403985499	0.953593526	1.150259267
DUM	668.192537	785.454061	1.710942054	-0.572556969	1.72237778	-0.403985499	0.953593526	1.150259267
DUM	668.192537	785.454061	1.710942054	-0.572556969	1.72237778	-0.403985499	0.953593526	1.150259267
DUM	668.192537	785.454061	1.710942054	-0.572556969	1.72237778	-0.403985499	0.953593526	1.150259267
DUM	668.192537	785.454061	1.710942054	-0.572556969	1.72237778	-0.403985499	0.953593526	1.150259267
DUM	668.192537	785.454061	1.710942054	-0.572556969	1.72237778	-0.403985499	0.953593526	1.150259267
DUM	668.192537	785.454061	1.710942054	-0.572556969	1.72237778	-0.403985499	0.953593526	1.150259267
DUM	668.192537	785.454061	1.710942054	-0.572556969	1.72237778	-0.403985499	0.953593526	1.150259267
DUM	668.192537	785.454061	1.710942054	-0.572556969	1.72237778	-0.403985499	0.953593526	1.150259267
MIB	666.505671	783.250911	1.588188157	-0.175841018	1.30679836	-0.500987998	2.28433044	0.642566565
MIB	666.505671	783.250911	1.588188157	-0.175841018	1.30679836	-0.500987998	2.28433044	0.642566565
MIB	666.505671	783.250911	1.588188157	-0.175841018	1.30679836	-0.500987998	2.28433044	0.642566565
MIB	666.505671	783.250911	1.588188157	-0.175841018	1.30679836	-0.500987998	2.28433044	0.642566565
MIB	666.505671	783.250911	1.588188157	-0.175841018	1.30679836	-0.500987998	2.28433044	0.642566565
MIB	666.505671	783.250911	1.588188157	-0.175841018	1.30679836	-0.500987998	2.28433044	0.642566565
MIB	666.505671	783.250911	1.588188157	-0.175841018	1.30679836	-0.500987998	2.28433044	0.642566565
MIB	666.505671	783.250911	1.588188157	-0.175841018	1.30679836	-0.500987998	2.28433044	0.642566565
MIB	666.505671	783.250911	1.588188157	-0.175841018	1.30679836	-0.500987998	2.28433044	0.642566565
MIB	666.505671	783.250911	1.588188157	-0.175841018	1.30679836	-0.500987998	2.28433044	0.642566565
MIB	666.505671	783.250911	1.588188157	-0.175841018	1.30679836	-0.500987998	2.28433044	0.642566565
MIB	666.505671	783.250911	1.588188157	-0.175841018	1.30679836	-0.500987998	2.28433044	0.642566565
MIB	666.505671	783.250911	1.588188157	-0.175841018	1.30679836	-0.500987998	2.28433044	0.642566565
MIB	666.505671	783.250911	1.588188157	-0.175841018	1.30679836	-0.500987998	2.28433044	0.642566565
MIB	666.505671	783.250911	1.588188157	-0.175841018	1.30679836	-0.500987998	2.28433044	0.642566565
MIB	666.505671	783.250911	1.588188157	-0.175841018	1.30679836	-0.500987998	2.28433044	0.642566565
MIB	666.505671	783.250911	1.588188157	-0.175841018	1.30679836	-0.500987998	2.28433044	0.642566565
MIB	666.505671	783.250911	1.588188157	-0.175841018	1.30679836	-0.500987998	2.28433044	0.642566565
MIB	666.505671	783.250911	1.588188157	-0.175841018	1.30679836	-0.500987998	2.28433044	0.642566565
MIB	666.505671	783.250911	1.588188157	-0.175841018	1.30679836	-0.500987998	2.28433044	0.642566565
STG	704.603494	858.29405	1.296196605	-0.700158541	1.179663191	-0.795540651	2.949549739	-1.977081368
STG	704.603494	858.29405	1.296196605	-0.700158541	1.179663191	-0.795540651	2.949549739	-1.977081368
STG	704.603494	858.29405	1.296196605	-0.700158541	1.179663191	-0.795540651	2.949549739	-1.977081368
STG	704.603494	858.29405	1.296196605	-0.700158541	1.179663191	-0.795540651	2.949549739	-1.977081368
STG	704.603494	858.29405	1.296196605	-0.700158541	1.179663191	-0.795540651	2.949549739	-1.977081368
STG	704.603494	858.29405	1.296196605	-0.700158541	1.179663191	-0.795540651	2.949549739	-1.977081368
STG	704.603494	858.29405	1.296196605	-0.700158541	1.179663191	-0.795540651	2.949549739	-1.977081368
STG	704.603494	858.29405	1.296196605	-0.700158541	1.179663191	-0.795540651	2.949549739	-1.977081368
STG	704.603494	858.29405	1.296196605	-0.700158541	1.179663191	-0.795540651	2.949549739	-1.977081368
STG	704.603494	858.29405	1.296196605	-0.700158541	1.179663191	-0.795540651	2.949549739	-1.977081368
STG	704.603494	858.29405	1.296196605	-0.700158541	1.179663191	-0.795540651	2.949549739	-1.977081368
STG	704.603494	858.29405	1.296196605	-0.700158541	1.179663191	-0.795540651	2.949549739	-1.977081368
STG	704.603494	858.29405	1.296196605	-0.700158541	1.179663191	-0.795540651	2.949549739	-1.977081368
STG	704.603494	858.29405	1.296196605	-0.700158541	1.179663191	-0.795540651	2.949549739	-1.977081368
STG	704.603494	858.29405	1.296196605	-0.700158541	1.179663191	-0.795540651	2.949549739	-1.977081368
STG	704.603494	858.29405	1.296196605	-0.700158541	1.179663191	-0.795540651	2.949549739	-1.977081368
STG	704.603494	858.29405	1.296196605	-0.700158541	1.179663191	-0.795540651	2.949549739	-1.977081368
STG	704.603494	858.29405	1.296196605	-0.700158541	1.179663191	-0.795540651	2.949549739	-1.977081368
STG	704.603494	858.29405	1.296196605	-0.700158541	1.179663191	-0.795540651	2.949549739	-1.977081368
STG	704.603494	858.29405	1.296196605	-0.700158541	1.179663191	-0.795540651	2.949549739	-1.977081368
OAK	1051.13331	-823.49886	1.187202676	-0.21632959	1.321230117	-0.982104562	1.897940071	-1.258705108
OAK	1051.13331	-823.49886	1.187202676	-0.21632959	1.321230117	-0.982104562	1.897940071	-1.258705108
OAK	1051.13331	-823.49886	1.187202676	-0.21632959	1.321230117	-0.982104562	1.897940071	-1.258705108
OAK	1051.13331	-823.49886	1.187202676	-0.21632959	1.321230117	-0.982104562	1.897940071	-1.258705108
OAK	1051.13331	-823.49886	1.187202676	-0.21632959	1.321230117	-0.982104562	1.897940071	-1.258705108
OAK	1051.13331	-823.49886	1.187202676	-0.21632959	1.321230117	-0.982104562	1.897940071	-1.258705108
OAK	1051.13331	-823.49886	1.187202676	-0.21632959	1.321230117	-0.982104562	1.897940071	-1.258705108
OAK	1051.13331	-823.49886	1.187202676	-0.21632959	1.321230117	-0.982104562	1.897940071	-1.258705108
OAK	1051.13331	-823.49886	1.187202676	-0.21632959	1.321230117	-0.982104562	1.897940071	-1.258705108
OAK	1051.13331	-823.49886	1.187202676	-0.21632959	1.321230117	-0.982104562	1.897940071	-1.258705108
OAK	1051.13331	-823.49886	1.187202676	-0.21632959	1.321230117	-0.982104562	1.897940071	-1.258705108
OAK	1051.13331	-823.49886	1.187202676	-0.21632959	1.321230117	-0.982104562	1.897940071	-1.258705108
OAK	1051.13331	-823.49886	1.187202676	-0.21632959	1.321230117	-0.982104562	1.897940071	-1.258705108
OAK	1051.13331	-823.49886	1.187202676	-0.21632959	1.321230117	-0.982104562	1.897940071	-1.258705108
OAK	1051.13331	-823.49886	1.187202676	-0.21632959	1.321230117	-0.982104562	1.897940071	-1.258705108
OAK	1051.13331	-823.49886	1.187202676	-0.21632959	1.321230117	-0.982104562	1.897940071	-1.258705108
OAK	1051.13331	-823.49886	1.187202676	-0.21632959	1.321230117	-0.982104562	1.897940071	-1.258705108
OAK	1051.13331	-823.49886	1.187202676	-0.21632959	1.321230117	-0.982104562	1.897940071	-1.258705108
WAR	1211.20383	-988.72374	0.352922625	-1.348266942	1.897010349	-0.551127767	0.488354181	1.006729952
WAR	1211.20383	-988.72374	0.352922625	-1.348266942	1.897010349	-0.551127767	0.488354181	1.006729952
WAR	1211.20383	-988.72374	0.352922625	-1.348266942	1.897010349	-0.551127767	0.488354181	1.006729952
WAR	1211.20383	-988.72374	0.352922625	-1.348266942	1.897010349	-0.551127767	0.488354181	1.006729952
WAR	1211.20383	-988.72374	0.352922625	-1.348266942	1.897010349	-0.551127767	0.488354181	1.006729952
WAR	1211.20383	-988.72374	0.352922625	-1.348266942	1.897010349	-0.551127767	0.488354181	1.006729952
WAR	1211.20383	-988.72374	0.352922625	-1.348266942	1.897010349	-0.551127767	0.488354181	1.006729952
WAR	1211.20383	-988.72374	0.352922625	-1.348266942	1.897010349	-0.551127767	0.488354181	1.006729952
WAR	1211.20383	-988.72374	0.352922625	-1.348266942	1.897010349	-0.551127767	0.488354181	1.006729952
WAR	1211.20383	-988.72374	0.352922625	-1.348266942	1.897010349	-0.551127767	0.488354181	1.006729952
WAR	1211.20383	-988.72374	0.352922625	-1.348266942	1.897010349	-0.551127767	0.488354181	1.006729952
WAR	1211.20383	-988.72374	0.352922625	-1.348266942	1.897010349	-0.551127767	0.488354181	1.006729952
WAR	1211.20383	-988.72374	0.352922625	-1.348266942	1.897010349	-0.551127767	0.488354181	1.006729952
WAR	1211.20383	-988.72374	0.352922625	-1.348266942	1.897010349	-0.551127767	0.488354181	1.006729952
WAR	1211.20383	-988.72374	0.352922625	-1.348266942	1.897010349	-0.551127767	0.488354181	1.006729952
WAR	1211.20383	-988.72374	0.352922625	-1.348266942	1.897010349	-0.551127767	0.488354181	1.006729952
WAR	1211.20383	-988.72374	0.352922625	-1.348266942	1.897010349	-0.551127767	0.488354181	1.006729952
WAR	1211.20383	-988.72374	0.352922625	-1.348266942	1.897010349	-0.551127767	0.488354181	1.006729952
WAR	1211.20383	-988.72374	0.352922625	-1.348266942	1.897010349	-0.551127767	0.488354181	1.006729952
WAR	1211.20383	-988.72374	0.352922625	-1.348266942	1.897010349	-0.551127767	0.488354181	1.006729952
KIL	1239.49826	-1017.2008	-0.212326716	-1.511959506	2.619088182	-0.062144991	0.186803517	1.257327247
KIL	1239.49826	-1017.2008	-0.212326716	-1.511959506	2.619088182	-0.062144991	0.186803517	1.257327247
KIL	1239.49826	-1017.2008	-0.212326716	-1.511959506	2.619088182	-0.062144991	0.186803517	1.257327247
KIL	1239.49826	-1017.2008	-0.212326716	-1.511959506	2.619088182	-0.062144991	0.186803517	1.257327247
KIL	1239.49826	-1017.2008	-0.212326716	-1.511959506	2.619088182	-0.062144991	0.186803517	1.257327247
KIL	1239.49826	-1017.2008	-0.212326716	-1.511959506	2.619088182	-0.062144991	0.186803517	1.257327247
KIL	1239.49826	-1017.2008	-0.212326716	-1.511959506	2.619088182	-0.062144991	0.186803517	1.257327247
KIL	1239.49826	-1017.2008	-0.212326716	-1.511959506	2.619088182	-0.062144991	0.186803517	1.257327247
KIL	1239.49826	-1017.2008	-0.212326716	-1.511959506	2.619088182	-0.062144991	0.186803517	1.257327247
KIL	1239.49826	-1017.2008	-0.212326716	-1.511959506	2.619088182	-0.062144991	0.186803517	1.257327247
KIL	1239.49826	-1017.2008	-0.212326716	-1.511959506	2.619088182	-0.062144991	0.186803517	1.257327247
KIL	1239.49826	-1017.2008	-0.212326716	-1.511959506	2.619088182	-0.062144991	0.186803517	1.257327247
KIL	1239.49826	-1017.2008	-0.212326716	-1.511959506	2.619088182	-0.062144991	0.186803517	1.257327247
KIL	1239.49826	-1017.2008	-0.212326716	-1.511959506	2.619088182	-0.062144991	0.186803517	1.257327247
KIL	1239.49826	-1017.2008	-0.212326716	-1.511959506	2.619088182	-0.062144991	0.186803517	1.257327247
KIL	1239.49826	-1017.2008	-0.212326716	-1.511959506	2.619088182	-0.062144991	0.186803517	1.257327247
KIL	1239.49826	-1017.2008	-0.212326716	-1.511959506	2.619088182	-0.062144991	0.186803517	1.257327247
KIL	1239.49826	-1017.2008	-0.212326716	-1.511959506	2.619088182	-0.062144991	0.186803517	1.257327247